   10000 0 0 -0 0 -1 0 0.999657 0 -0.0261769 0.0261769 0 0.999657 0 0 0 0 0 0 
   12001 0 0.647478 0.0169548 0 -0.902585 0.430511 0.999657 -0.0112695 -0.0236269 0.0261769 0.430364 0.902276 0 0 0 0 0 0 
   12002 -0.022023 0.654798 0.0285251 0 -0.902585 0.430511 0.999657 -0.0112695 -0.0236269 0.0261769 0.430364 0.902276 0 0 0 0 0 0 
   12003 -0.0219469 0.677665 0.0285597 0 -0.902585 0.430511 0.999657 -0.0112695 -0.0236269 0.0261769 0.430364 0.902276 0 0 0 0 0 0 
   12004 -0.0219014 0.685286 0.0286097 0 -0.902585 0.430511 0.999657 -0.0112695 -0.0236269 0.0261769 0.430364 0.902276 0 0 0 0 0 0 
   12005 -0.0215448 0.761504 0.028902 0 -0.902585 0.430511 0.999657 -0.0112695 -0.0236269 0.0261769 0.430364 0.902276 0 0 0 0 0 0 
   12006 -0.0209408 0.87583 0.029435 0 -0.902585 0.430511 0.999657 -0.0112695 -0.0236269 0.0261769 0.430364 0.902276 0 0 0 0 0 0 
   12007 -0.028923 0.951953 0.0333429 0 -0.935135 0.354291 0.999657 -0.00927426 -0.024479 0.0261769 0.35417 0.934815 0 0 0 0 0 0 
   12008 -0.0150385 1.03975 0.0282638 0 -0.935135 0.354291 0.999657 -0.00927426 -0.024479 0.0261769 0.35417 0.934815 0 0 0 0 0 0 
   12009 -0.0143963 1.14264 0.02887 0 -0.947629 0.319373 0.999657 -0.00836021 -0.024806 0.0261769 0.319263 0.947304 0 0 0 0 0 0 
   12010 -9.16439e-05 1.23802 0.0248662 0 -0.947629 0.319373 0.999657 -0.00836021 -0.024806 0.0261769 0.319263 0.947304 0 0 0 0 0 0 
   12011 -0.00024492 1.52378 0.0282244 0 -0.961861 0.27354 0.999657 -0.00716043 -0.0251786 0.0261769 0.273446 0.961531 0 0 0 0 0 0 
   12012 0.000772826 1.9353 0.0322918 0 -0.987688 0.156434 0.999657 -0.00409498 -0.0258547 0.0261769 0.156381 0.98735 0 0 0 0 0 0 
   12013 0.00155897 2.09533 0.0337554 0 -0.987688 0.156434 0.999657 -0.00409498 -0.0258547 0.0261769 0.156381 0.98735 0 0 0 0 0 0 
   12014 0.00255424 2.28585 0.0354805 0 -0.99281 0.119704 0.999657 -0.00313348 -0.0259887 0.0261769 0.119663 0.992469 0 0 0 0 0 0 
   12015 0.00420187 2.51448 0.0374706 0 -0.998795 0.0490677 0.999657 -0.00128444 -0.0261454 0.0261769 0.0490509 0.998453 0 0 0 0 0 0 
   12016 0.00503185 2.62879 0.0384404 0 -0.998795 0.0490677 0.999657 -0.00128444 -0.0261454 0.0261769 0.0490509 0.998453 0 0 0 0 0 0 
   12017 0.00844343 2.96411 0.0414273 0 -0.999894 -0.0145433 0.999657 0.0003807 -0.0261742 0.0261769 -0.0145383 0.999552 0 0 0 0 0 0 
   12018 0.0130202 3.2194 0.0438756 0 -0.997835 -0.0657654 0.999657 0.00172154 -0.0261203 0.0261769 -0.0657428 0.997493 0 0 0 0 0 0 
   12019 0.014015 3.27656 0.0444643 0 -0.997835 -0.0657654 0.999657 0.00172154 -0.0261203 0.0261769 -0.0657428 0.997493 0 0 0 0 0 0 
   12020 0.0143119 3.28418 0.0445603 0 -0.997835 -0.0657654 0.999657 0.00172154 -0.0261203 0.0261769 -0.0657428 0.997493 0 0 0 0 0 0 
   12021 0.0151697 3.29561 0.044706 0 -0.997835 -0.0657654 0.999657 0.00172154 -0.0261203 0.0261769 -0.0657428 0.997493 0 0 0 0 0 0 
   12022 0.0155844 3.30323 0.0448105 0 -0.997835 -0.0657654 0.999657 0.00172154 -0.0261203 0.0261769 -0.0657428 0.997493 0 0 0 0 0 0 
   12023 0.0170384 3.34895 0.0453251 0 -0.997835 -0.0657654 0.999657 0.00172154 -0.0261203 0.0261769 -0.0657428 0.997493 0 0 0 0 0 0 
   12024 0.0159775 3.35657 0.0453157 0 -0.995859 -0.0909089 0.999657 0.00237972 -0.0260686 0.0261769 -0.0908778 0.995518 0 0 0 0 0 0 
   12025 0.0136887 3.3642 0.0451985 0 -0.995859 -0.0909089 0.999657 0.00237972 -0.0260686 0.0261769 -0.0908778 0.995518 0 0 0 0 0 0 
   12026 0.0113895 3.37183 0.045091 0 -0.995859 -0.0909089 0.999657 0.00237972 -0.0260686 0.0261769 -0.0908778 0.995518 0 0 0 0 0 0 
   12027 0.0020968 3.40233 0.0445301 0 -0.995859 -0.0909089 0.999657 0.00237972 -0.0260686 0.0261769 -0.0908778 0.995518 0 0 0 0 0 0 
   12028 -0.000256103 3.40996 0.0444025 0 -0.995859 -0.0909089 0.999657 0.00237972 -0.0260686 0.0261769 -0.0908778 0.995518 0 0 0 0 0 0 
   12029 -0.00618473 3.42902 0.0439592 0 -0.995859 -0.0909089 0.999657 0.00237972 -0.0260686 0.0261769 -0.0908778 0.995518 0 0 0 0 0 0 
   12030 -0.00718577 3.43665 0.0439423 0 -0.995859 -0.0909089 0.999657 0.00237972 -0.0260686 0.0261769 -0.0908778 0.995518 0 0 0 0 0 0 
   12031 -0.0113382 3.46715 0.043431 0 -0.995859 -0.0909089 0.999657 0.00237972 -0.0260686 0.0261769 -0.0908778 0.995518 0 0 0 0 0 0 
   12032 -0.0131719 3.47478 0.0433164 0 -0.995859 -0.0909089 0.999657 0.00237972 -0.0260686 0.0261769 -0.0908778 0.995518 0 0 0 0 0 0 
   12033 -0.0188126 3.52433 0.0429831 0 -0.993572 -0.113203 0.999657 0.00296331 -0.0260087 0.0261769 -0.113164 0.993231 0 0 0 0 0 0 
   12034 -0.0224953 3.56245 0.0427188 0 -0.993572 -0.113203 0.999657 0.00296331 -0.0260087 0.0261769 -0.113164 0.993231 0 0 0 0 0 0 
   12035 -0.0243728 3.58151 0.0425713 0 -0.993572 -0.113203 0.999657 0.00296331 -0.0260087 0.0261769 -0.113164 0.993231 0 0 0 0 0 0 
   12036 -0.016202 3.6196 0.0436303 0 -0.991587 -0.129445 0.999657 0.00338847 -0.0259567 0.0261769 -0.1294 0.991247 0 0 0 0 0 0 
   12037 -0.00804195 3.65768 0.0447906 0 -0.991587 -0.129445 0.999657 0.00338847 -0.0259567 0.0261769 -0.1294 0.991247 0 0 0 0 0 0 
   12038 6.9121e-05 3.69576 0.0460425 0 -0.990268 -0.139173 0.999657 0.00364313 -0.0259222 0.0261769 -0.139125 0.989929 0 0 0 0 0 0 
   12039 0.00023281 3.71481 0.0461685 0 -0.990268 -0.139173 0.999657 0.00364313 -0.0259222 0.0261769 -0.139125 0.989929 0 0 0 0 0 0 
   12040 0.000559667 3.75292 0.046429 0 -0.989399 -0.14522 0.999657 0.00380141 -0.0258995 0.0261769 -0.14517 0.98906 0 0 0 0 0 0 
   12041 0.00105157 3.81008 0.04682 0 -0.988494 -0.151261 0.999657 0.00395955 -0.0258758 0.0261769 -0.151209 0.988155 0 0 0 0 0 0 
   13000 0 2.22809 0.0583445 0 -1 0 0.999657 0 -0.0261769 0.0261769 0 0.999657 0 0 0 0 0 0 
   20000 0 0 -0 -0.865729 0.5 0.0226699 -0.499829 -0.866025 0.0130885 0.0261769 0 0.999657 0 0 0 0 0 0 
   22001 -0.560732 -0.323739 0.0169548 -0.865729 0.461052 -0.194794 -0.499829 -0.776027 0.384647 0.0261769 0.430364 0.902276 0 0 0 0 0 0 
   22002 -0.55606 -0.346471 0.0285251 -0.865729 0.461052 -0.194794 -0.499829 -0.776027 0.384647 0.0261769 0.430364 0.902276 0 0 0 0 0 0 
   22003 -0.575901 -0.357839 0.0285597 -0.865729 0.461052 -0.194794 -0.499829 -0.776027 0.384647 0.0261769 0.430364 0.902276 0 0 0 0 0 0 
   22004 -0.582524 -0.36161 0.0286097 -0.865729 0.461052 -0.194794 -0.499829 -0.776027 0.384647 0.0261769 0.430364 0.902276 0 0 0 0 0 0 
   22005 -0.64871 -0.399411 0.028902 -0.865729 0.461052 -0.194794 -0.499829 -0.776027 0.384647 0.0261769 0.430364 0.902276 0 0 0 0 0 0 
   22006 -0.74802 -0.45605 0.029435 -0.865729 0.461052 -0.194794 -0.499829 -0.776027 0.384647 0.0261769 0.430364 0.902276 0 0 0 0 0 0 
   22007 -0.809954 -0.501025 0.0333429 -0.865729 0.475599 -0.155946 -0.499829 -0.805214 0.319065 0.0261769 0.35417 0.934815 0 0 0 0 0 0 
   22008 -0.892928 -0.532897 0.0282638 -0.865729 0.475599 -0.155946 -0.499829 -0.805214 0.319065 0.0261769 0.35417 0.934815 0 0 0 0 0 0 
   22009 -0.982353 -0.583785 0.02887 -0.865729 0.481055 -0.138204 -0.499829 -0.816491 0.288988 0.0261769 0.319263 0.947304 0 0 0 0 0 0 
   22010 -1.07211 -0.619091 0.0248662 -0.865729 0.481055 -0.138204 -0.499829 -0.816491 0.288988 0.0261769 0.319263 0.947304 0 0 0 0 0 0 
   22011 -1.31951 -0.762104 0.0282244 -0.865729 0.487131 -0.114964 -0.499829 -0.829416 0.249481 0.0261769 0.273446 0.961531 0 0 0 0 0 0 
   22012 -1.6764 -0.96698 0.0322918 -0.865729 0.497391 -0.0558264 -0.499829 -0.853316 0.148404 0.0261769 0.156381 0.98735 0 0 0 0 0 0 
   22013 -1.81539 -1.04632 0.0337554 -0.865729 0.497391 -0.0558264 -0.499829 -0.853316 0.148404 0.0261769 0.156381 0.98735 0 0 0 0 0 0 
   22014 -1.98089 -1.14072 0.0354805 -0.865729 0.499119 -0.0373449 -0.499829 -0.858232 0.116661 0.0261769 0.119663 0.992469 0 0 0 0 0 0 
   22015 -2.17971 -1.2536 0.0374706 -0.865729 0.50051 -0.00189124 -0.499829 -0.86434 0.0555666 0.0261769 0.0490509 0.998453 0 0 0 0 0 0 
   22016 -2.27912 -1.31004 0.0384404 -0.865729 0.50051 -0.00189124 -0.499829 -0.86434 0.0555666 0.0261769 0.0490509 0.998453 0 0 0 0 0 0 
   22017 -2.57122 -1.47474 0.0414273 -0.865729 0.499617 0.0299392 -0.499829 -0.866124 0.000492209 0.0261769 -0.0145383 0.999552 0 0 0 0 0 0 
   22018 -2.7946 -1.59843 0.0438756 -0.865729 0.497427 0.0555035 -0.499829 -0.865011 -0.0438943 0.0261769 -0.0657428 0.997493 0 0 0 0 0 0 
   22019 -2.84459 -1.62614 0.0444643 -0.865729 0.497427 0.0555035 -0.499829 -0.865011 -0.0438943 0.0261769 -0.0657428 0.997493 0 0 0 0 0 0 
   22020 -2.85134 -1.62969 0.0445603 -0.865729 0.497427 0.0555035 -0.499829 -0.865011 -0.0438943 0.0261769 -0.0657428 0.997493 0 0 0 0 0 0 
   22021 -2.86167 -1.63467 0.044706 -0.865729 0.497427 0.0555035 -0.499829 -0.865011 -0.0438943 0.0261769 -0.0657428 0.997493 0 0 0 0 0 0 
   22022 -2.86847 -1.63812 0.0448105 -0.865729 0.497427 0.0555035 -0.499829 -0.865011 -0.0438943 0.0261769 -0.0657428 0.997493 0 0 0 0 0 0 
   22023 -2.9088 -1.65972 0.0453251 -0.865729 0.497427 0.0555035 -0.499829 -0.865011 -0.0438943 0.0261769 -0.0657428 0.997493 0 0 0 0 0 0 
   22024 -2.91487 -1.66445 0.0453157 -0.865729 0.495869 0.0680305 -0.499829 -0.863629 -0.0656952 0.0261769 -0.0908778 0.995518 0 0 0 0 0 0 
   22025 -2.92033 -1.67025 0.0451985 -0.865729 0.495869 0.0680305 -0.499829 -0.863629 -0.0656952 0.0261769 -0.0908778 0.995518 0 0 0 0 0 0 
   22026 -2.92578 -1.67605 0.045091 -0.865729 0.495869 0.0680305 -0.499829 -0.863629 -0.0656952 0.0261769 -0.0908778 0.995518 0 0 0 0 0 0 
   22027 -2.94755 -1.69935 0.0445301 -0.865729 0.495869 0.0680305 -0.499829 -0.863629 -0.0656952 0.0261769 -0.0908778 0.995518 0 0 0 0 0 0 
   22028 -2.95298 -1.7052 0.0444025 -0.865729 0.495869 0.0680305 -0.499829 -0.863629 -0.0656952 0.0261769 -0.0908778 0.995518 0 0 0 0 0 0 
   22029 -2.96653 -1.71987 0.0439592 -0.865729 0.495869 0.0680305 -0.499829 -0.863629 -0.0656952 0.0261769 -0.0908778 0.995518 0 0 0 0 0 0 
   22030 -2.97263 -1.72455 0.0439423 -0.865729 0.495869 0.0680305 -0.499829 -0.863629 -0.0656952 0.0261769 -0.0908778 0.995518 0 0 0 0 0 0 
   22031 -2.99697 -1.74339 0.043431 -0.865729 0.495869 0.0680305 -0.499829 -0.863629 -0.0656952 0.0261769 -0.0908778 0.995518 0 0 0 0 0 0 
   22032 -3.00266 -1.7488 0.0433164 -0.865729 0.495869 0.0680305 -0.499829 -0.863629 -0.0656952 0.0261769 -0.0908778 0.995518 0 0 0 0 0 0 
   22033 -3.04276 -1.77846 0.0429831 -0.865729 0.49422 0.0791258 -0.499829 -0.86194 -0.0850325 0.0261769 -0.113164 0.993231 0 0 0 0 0 0 
   22034 -3.07393 -1.80071 0.0427188 -0.865729 0.49422 0.0791258 -0.499829 -0.86194 -0.0850325 0.0261769 -0.113164 0.993231 0 0 0 0 0 0 
   22035 -3.08949 -1.81186 0.0425713 -0.865729 0.49422 0.0791258 -0.499829 -0.86194 -0.0850325 0.0261769 -0.113164 0.993231 0 0 0 0 0 0 
   22036 -3.12656 -1.82383 0.0436303 -0.865729 0.492859 0.0872015 -0.499829 -0.860433 -0.099124 0.0261769 -0.1294 0.991247 0 0 0 0 0 0 
   22037 -3.16362 -1.8358 0.0447906 -0.865729 0.492859 0.0872015 -0.499829 -0.860433 -0.099124 0.0261769 -0.1294 0.991247 0 0 0 0 0 0 
   22038 -3.20066 -1.84782 0.0460425 -0.865729 0.491979 0.0920358 -0.499829 -0.859419 -0.107566 0.0261769 -0.139125 0.989929 0 0 0 0 0 0 
   22039 -3.21724 -1.85721 0.0461685 -0.865729 0.491979 0.0920358 -0.499829 -0.859419 -0.107566 0.0261769 -0.139125 0.989929 0 0 0 0 0 0 
   22040 -3.2504 -1.87598 0.046429 -0.865729 0.491408 0.0950394 -0.499829 -0.858746 -0.112814 0.0261769 -0.14517 0.98906 0 0 0 0 0 0 
   22041 -3.30015 -1.90413 0.04682 -0.865729 0.490818 0.0980395 -0.499829 -0.858041 -0.118058 0.0261769 -0.151209 0.988155 0 0 0 0 0 0 
   23000 -1.92958 -1.11404 0.0583445 -0.865729 0.5 0.0226699 -0.499829 -0.866025 0.0130885 0.0261769 0 0.999657 0 0 0 0 0 0 
   30000 0 0 -0 0.865729 0.5 -0.0226699 -0.499829 0.866025 0.0130885 0.0261769 0 0.999657 0 0 0 0 0 0 
   32001 0.560732 -0.323739 0.0169548 0.865729 0.441533 -0.235717 -0.499829 0.787297 -0.36102 0.0261769 0.430364 0.902276 0 0 0 0 0 0 
   32002 0.578083 -0.308326 0.0285251 0.865729 0.441533 -0.235717 -0.499829 0.787297 -0.36102 0.0261769 0.430364 0.902276 0 0 0 0 0 0 
   32003 0.597848 -0.319826 0.0285597 0.865729 0.441533 -0.235717 -0.499829 0.787297 -0.36102 0.0261769 0.430364 0.902276 0 0 0 0 0 0 
   32004 0.604426 -0.323676 0.0286097 0.865729 0.441533 -0.235717 -0.499829 0.787297 -0.36102 0.0261769 0.430364 0.902276 0 0 0 0 0 0 
   32005 0.670255 -0.362094 0.028902 0.865729 0.441533 -0.235717 -0.499829 0.787297 -0.36102 0.0261769 0.430364 0.902276 0 0 0 0 0 0 
   32006 0.768961 -0.41978 0.029435 0.865729 0.441533 -0.235717 -0.499829 0.787297 -0.36102 0.0261769 0.430364 0.902276 0 0 0 0 0 0 
   32007 0.838877 -0.450929 0.0333429 0.865729 0.459536 -0.198345 -0.499829 0.814488 -0.294586 0.0261769 0.35417 0.934815 0 0 0 0 0 0 
   32008 0.907966 -0.50685 0.0282638 0.865729 0.459536 -0.198345 -0.499829 0.814488 -0.294586 0.0261769 0.35417 0.934815 0 0 0 0 0 0 
   32009 0.99675 -0.55885 0.02887 0.865729 0.466574 -0.181169 -0.499829 0.824851 -0.264182 0.0261769 0.319263 0.947304 0 0 0 0 0 0 
   32010 1.07221 -0.618932 0.0248662 0.865729 0.466574 -0.181169 -0.499829 0.824851 -0.264182 0.0261769 0.319263 0.947304 0 0 0 0 0 0 
   32011 1.31976 -0.76168 0.0282244 0.865729 0.474729 -0.158575 -0.499829 0.836576 -0.224303 0.0261769 0.273446 0.961531 0 0 0 0 0 0 
   32012 1.67563 -0.968318 0.0322918 0.865729 0.490298 -0.100608 -0.499829 0.857411 -0.122549 0.0261769 0.156381 0.98735 0 0 0 0 0 0 
   32013 1.81383 -1.04902 0.0337554 0.865729 0.490298 -0.100608 -0.499829 0.857411 -0.122549 0.0261769 0.156381 0.98735 0 0 0 0 0 0 
   32014 1.97833 -1.14514 0.0354805 0.865729 0.493691 -0.0823587 -0.499829 0.861365 -0.090672 0.0261769 0.119663 0.992469 0 0 0 0 0 0 
   32015 2.1755 -1.26088 0.0374706 0.865729 0.498285 -0.0471764 -0.499829 0.865624 -0.0294211 0.0261769 0.0490509 0.998453 0 0 0 0 0 0 
   32016 2.27409 -1.31875 0.0384404 0.865729 0.498285 -0.0471764 -0.499829 0.865624 -0.0294211 0.0261769 0.0490509 0.998453 0 0 0 0 0 0 
   32017 2.56277 -1.48937 0.0414273 0.865729 0.500277 -0.0153958 -0.499829 0.865743 0.025682 0.0261769 -0.0145383 0.999552 0 0 0 0 0 0 
   32018 2.78158 -1.62098 0.0438756 0.865729 0.500408 0.0102619 -0.499829 0.86329 0.0700146 0.0261769 -0.0657428 0.997493 0 0 0 0 0 0 
   32019 2.83058 -1.65042 0.0444643 0.865729 0.500408 0.0102619 -0.499829 0.86329 0.0700146 0.0261769 -0.0657428 0.997493 0 0 0 0 0 0 
   32020 2.83703 -1.65448 0.0445603 0.865729 0.500408 0.0102619 -0.499829 0.86329 0.0700146 0.0261769 -0.0657428 0.997493 0 0 0 0 0 0 
   32021 2.8465 -1.66094 0.044706 0.865729 0.500408 0.0102619 -0.499829 0.86329 0.0700146 0.0261769 -0.0657428 0.997493 0 0 0 0 0 0 
   32022 2.85289 -1.66511 0.0448105 0.865729 0.500408 0.0102619 -0.499829 0.86329 0.0700146 0.0261769 -0.0657428 0.997493 0 0 0 0 0 0 
   32023 2.89176 -1.68923 0.0453251 0.865729 0.500408 0.0102619 -0.499829 0.86329 0.0700146 0.0261769 -0.0657428 0.997493 0 0 0 0 0 0 
   32024 2.89889 -1.69212 0.0453157 0.865729 0.499991 0.0228784 -0.499829 0.86125 0.0917637 0.0261769 -0.0908778 0.995518 0 0 0 0 0 0 
   32025 2.90664 -1.69395 0.0451985 0.865729 0.499991 0.0228784 -0.499829 0.86125 0.0917637 0.0261769 -0.0908778 0.995518 0 0 0 0 0 0 
   32026 2.91439 -1.69578 0.045091 0.865729 0.499991 0.0228784 -0.499829 0.86125 0.0917637 0.0261769 -0.0908778 0.995518 0 0 0 0 0 0 
   32027 2.94546 -1.70298 0.0445301 0.865729 0.499991 0.0228784 -0.499829 0.86125 0.0917637 0.0261769 -0.0908778 0.995518 0 0 0 0 0 0 
   32028 2.95324 -1.70476 0.0444025 0.865729 0.499991 0.0228784 -0.499829 0.86125 0.0917637 0.0261769 -0.0908778 0.995518 0 0 0 0 0 0 
   32029 2.97271 -1.70916 0.0439592 0.865729 0.499991 0.0228784 -0.499829 0.86125 0.0917637 0.0261769 -0.0908778 0.995518 0 0 0 0 0 0 
   32030 2.97982 -1.7121 0.0439423 0.865729 0.499991 0.0228784 -0.499829 0.86125 0.0917637 0.0261769 -0.0908778 0.995518 0 0 0 0 0 0 
   32031 3.00831 -1.72376 0.043431 0.865729 0.499991 0.0228784 -0.499829 0.86125 0.0917637 0.0261769 -0.0908778 0.995518 0 0 0 0 0 0 
   32032 3.01583 -1.72598 0.0433164 0.865729 0.499991 0.0228784 -0.499829 0.86125 0.0917637 0.0261769 -0.0908778 0.995518 0 0 0 0 0 0 
   32033 3.06157 -1.74587 0.0429831 0.865729 0.499352 0.0340774 -0.499829 0.858977 0.111041 0.0261769 -0.113164 0.993231 0 0 0 0 0 0 
   32034 3.09642 -1.76174 0.0427188 0.865729 0.499352 0.0340774 -0.499829 0.858977 0.111041 0.0261769 -0.113164 0.993231 0 0 0 0 0 0 
   32035 3.11387 -1.76965 0.0425713 0.865729 0.499352 0.0340774 -0.499829 0.858977 0.111041 0.0261769 -0.113164 0.993231 0 0 0 0 0 0 
   32036 3.14277 -1.79577 0.0436303 0.865729 0.498728 0.0422431 -0.499829 0.857045 0.125081 0.0261769 -0.1294 0.991247 0 0 0 0 0 0 
   32037 3.17167 -1.82188 0.0447906 0.865729 0.498728 0.0422431 -0.499829 0.857045 0.125081 0.0261769 -0.1294 0.991247 0 0 0 0 0 0 
   32038 3.20059 -1.84794 0.0460425 0.865729 0.498289 0.0471373 -0.499829 0.855776 0.133489 0.0261769 -0.139125 0.989929 0 0 0 0 0 0 
   32039 3.21701 -1.85761 0.0461685 0.865729 0.498289 0.0471373 -0.499829 0.855776 0.133489 0.0261769 -0.139125 0.989929 0 0 0 0 0 0 
   32040 3.24984 -1.87695 0.046429 0.865729 0.497992 0.0501802 -0.499829 0.854944 0.138714 0.0261769 -0.14517 0.98906 0 0 0 0 0 0 
   32041 3.2991 -1.90595 0.04682 0.865729 0.497676 0.0532214 -0.499829 0.854081 0.143934 0.0261769 -0.151209 0.988155 0 0 0 0 0 0 
   33000 1.92958 -1.11404 0.0583445 0.865729 0.5 -0.0226699 -0.499829 0.866025 0.0130885 0.0261769 0 0.999657 0 0 0 0 0 0 
  100000 0 0 -0 0 -1 0 1 0 -0 0 0 1 0 0 0 0 0 0 
  102001 0 0 0 0 -1 0 0.999657 0 -0.0261769 0.0261769 0 0.999657 0 0 0 0 0 0 
  102002 0 0.190435 0.00498671 0 -1 0 0.999657 0 -0.0261769 0.0261769 0 0.999657 0 0 0 0 0 0 
  102003 0 0.198052 0.00518618 0 -1 0 0.999657 0 -0.0261769 0.0261769 0 0.999657 0 0 0 0 0 0 
  102004 0 0.380869 0.00997342 0 -1 0 0.999657 0 -0.0261769 0.0261769 0 0.999657 0 0 0 0 0 0 
  102005 0 0.388487 0.0101729 0 -1 0 0.999657 0 -0.0261769 0.0261769 0 0.999657 0 0 0 0 0 0 
  102006 0 0.457043 0.0119681 0 -1 0 0.999657 0 -0.0261769 0.0261769 0 0.999657 0 0 0 0 0 0 
  102007 0 0.464661 0.0121676 0 -1 0 0.999657 0 -0.0261769 0.0261769 0 0.999657 0 0 0 0 0 0 
  102008 0 0.49513 0.0129654 0 -1 0 0.999657 0 -0.0261769 0.0261769 0 0.999657 0 0 0 0 0 0 
  102009 0 0.502748 0.0131649 0 -1 0 0.999657 0 -0.0261769 0.0261769 0 0.999657 0 0 0 0 0 0 
  102010 0 0.609391 0.0159575 0 -1 0 0.999657 0 -0.0261769 0.0261769 0 0.999657 0 0 0 0 0 0 
  103000 0 0.304696 0.00797873 0 -1 0 0.999657 0 -0.0261769 0.0261769 0 0.999657 0 0 0 0 0 0 
  200000 0 0 -0 -0.866025 0.5 0 -0.5 -0.866025 0 0 0 1 0 0 0 0 0 0 
  202001 0 0 0 -0.865729 0.5 0.0226699 -0.499829 -0.866025 0.0130885 0.0261769 0 0.999657 0 0 0 0 0 0 
  202002 -0.164921 -0.0952174 0.00498671 -0.865729 0.5 0.0226699 -0.499829 -0.866025 0.0130885 0.0261769 0 0.999657 0 0 0 0 0 0 
  202003 -0.171518 -0.0990261 0.00518618 -0.865729 0.5 0.0226699 -0.499829 -0.866025 0.0130885 0.0261769 0 0.999657 0 0 0 0 0 0 
  202004 -0.329843 -0.190435 0.00997342 -0.865729 0.5 0.0226699 -0.499829 -0.866025 0.0130885 0.0261769 0 0.999657 0 0 0 0 0 0 
  202005 -0.336439 -0.194243 0.0101729 -0.865729 0.5 0.0226699 -0.499829 -0.866025 0.0130885 0.0261769 0 0.999657 0 0 0 0 0 0 
  202006 -0.395811 -0.228522 0.0119681 -0.865729 0.5 0.0226699 -0.499829 -0.866025 0.0130885 0.0261769 0 0.999657 0 0 0 0 0 0 
  202007 -0.402408 -0.23233 0.0121676 -0.865729 0.5 0.0226699 -0.499829 -0.866025 0.0130885 0.0261769 0 0.999657 0 0 0 0 0 0 
  202008 -0.428795 -0.247565 0.0129654 -0.865729 0.5 0.0226699 -0.499829 -0.866025 0.0130885 0.0261769 0 0.999657 0 0 0 0 0 0 
  202009 -0.435392 -0.251374 0.0131649 -0.865729 0.5 0.0226699 -0.499829 -0.866025 0.0130885 0.0261769 0 0.999657 0 0 0 0 0 0 
  202010 -0.527748 -0.304696 0.0159575 -0.865729 0.5 0.0226699 -0.499829 -0.866025 0.0130885 0.0261769 0 0.999657 0 0 0 0 0 0 
  203000 -0.263874 -0.152348 0.00797873 -0.865729 0.5 0.0226699 -0.499829 -0.866025 0.0130885 0.0261769 0 0.999657 0 0 0 0 0 0 
  300000 0 0 -0 0.866025 0.5 -0 -0.5 0.866025 0 0 0 1 0 0 0 0 0 0 
  302001 0 0 0 0.865729 0.5 -0.0226699 -0.499829 0.866025 0.0130885 0.0261769 0 0.999657 0 0 0 0 0 0 
  302002 0.164921 -0.0952174 0.00498671 0.865729 0.5 -0.0226699 -0.499829 0.866025 0.0130885 0.0261769 0 0.999657 0 0 0 0 0 0 
  302003 0.171518 -0.0990261 0.00518618 0.865729 0.5 -0.0226699 -0.499829 0.866025 0.0130885 0.0261769 0 0.999657 0 0 0 0 0 0 
  302004 0.329843 -0.190435 0.00997342 0.865729 0.5 -0.0226699 -0.499829 0.866025 0.0130885 0.0261769 0 0.999657 0 0 0 0 0 0 
  302005 0.336439 -0.194243 0.0101729 0.865729 0.5 -0.0226699 -0.499829 0.866025 0.0130885 0.0261769 0 0.999657 0 0 0 0 0 0 
  302006 0.395811 -0.228522 0.0119681 0.865729 0.5 -0.0226699 -0.499829 0.866025 0.0130885 0.0261769 0 0.999657 0 0 0 0 0 0 
  302007 0.402408 -0.23233 0.0121676 0.865729 0.5 -0.0226699 -0.499829 0.866025 0.0130885 0.0261769 0 0.999657 0 0 0 0 0 0 
  302008 0.428795 -0.247565 0.0129654 0.865729 0.5 -0.0226699 -0.499829 0.866025 0.0130885 0.0261769 0 0.999657 0 0 0 0 0 0 
  302009 0.435392 -0.251374 0.0131649 0.865729 0.5 -0.0226699 -0.499829 0.866025 0.0130885 0.0261769 0 0.999657 0 0 0 0 0 0 
  302010 0.527748 -0.304696 0.0159575 0.865729 0.5 -0.0226699 -0.499829 0.866025 0.0130885 0.0261769 0 0.999657 0 0 0 0 0 0 
  303000 0.263874 -0.152348 0.00797873 0.865729 0.5 -0.0226699 -0.499829 0.866025 0.0130885 0.0261769 0 0.999657 0 0 0 0 0 0 
